osu file format v14

[General]
AudioFilename:audio.mp3
AudioLeadIn:0
PreviewTime:72417
Countdown:0
SampleSet:Soft
StackLeniency:0.7
Mode:0
LetterboxInBreaks:0
WidescreenStoryboard:1

[Editor]
Bookmarks:20555,30849,44378,56927,72613,103986,157319,188692,204378,216927,217809,232613
DistanceSpacing:1.6
BeatDivisor:4
GridSize:16
TimelineZoom:2.1

[Metadata]
Title:Won(*3*)Chu KissMe!
TitleUnicode:Won(*3*)Chu KissMe!
Artist:SAKURA*TRICK
ArtistUnicode:SAKURA*TRICK
Creator:Maarvin
Version:a
Source:
Tags:
BeatmapID:0
BeatmapSetID:-1

[Difficulty]
HPDrainRate:5
CircleSize:4
OverallDifficulty:9
ApproachRate:9.3
SliderMultiplier:1.4
SliderTickRate:1

[Events]
// Background and Video events
0,0,"3226961.jpg",0,0
// Break Periods
// Storyboard Layer 0(Background)
// Storyboard Layer 1(Fail)
// Storyboard Layer 2(Pass)
// Storyboard Layer 3(Foreground)
// Storyboard Layer 4(Overlay)
// Storyboard Sound Samples

[TimingPoints]
457,392.156862745098,4,2,1,100,1,0
457,-133.333333333333,4,2,1,35,0,0
3594,-100,4,2,1,35,0,0
13006,-80,4,2,1,35,0,0
16143,-66.6666666666667,4,2,1,75,0,0
16241,-66.6666666666667,4,2,1,5,0,0
16731,-66.6666666666667,4,2,1,75,0,0
16829,-66.6666666666667,4,2,1,5,0,0
17319,-66.6666666666667,4,2,1,75,0,0
17417,-66.6666666666667,4,2,1,5,0,0
17711,-66.6666666666667,4,2,1,35,0,0
19280,-50,4,2,1,75,0,0
30456,-66.6666666666667,4,2,1,75,0,0
43986,-100,4,2,1,75,0,0
44378,-66.6666666666667,4,2,1,75,0,0
56927,-83.3333333333333,4,2,1,75,0,0
62711,-83.3333333333333,4,2,1,5,0,0
62809,-83.3333333333333,4,2,1,75,0,0
69378,-83.3333333333333,4,2,1,5,0,0
69476,-83.3333333333333,4,2,1,75,0,0
72613,-38.4615384615385,4,2,1,100,0,0
73986,-43.47826086956522,4,2,1,100,0,0
75358,-58.82352941176471,4,2,1,100,0,0

[HitObjects]
181,173,457,5,2,0:0:0:0:
232,110,653,1,2,0:0:0:0:
299,150,849,1,2,0:0:0:0:
401,21,1045,6,2,P|348:25|315:72,2,105.000004005432,,,0:0:0:0:
494,166,2613,5,2,0:0:0:0:
497,153,2711,1,2,0:0:0:0:
501,140,2809,1,2,0:0:0:0:
501,140,3594,6,0,P|471:145|432:150,1,70,0|0,3:0|0:0,0:0:0:0:
286,116,3986,1,0,0:0:0:0:
318,285,4182,2,0,P|362:234|349:168,1,140,0|2,0:0|0:3,0:0:0:0:
348,167,4770,1,0,0:0:0:0:
295,304,4966,6,0,P|260:297|226:291,1,70,,,0:0:0:0:
140,233,5358,1,0,0:0:0:0:
83,351,5555,1,0,0:0:0:0:
0,210,5751,1,0,0:0:0:0:
140,233,5947,6,0,P|142:267|148:302,1,70,,,0:0:0:0:
77,171,6363,2,0,P|79:136|85:101,1,70,,,0:0:0:0:
219,14,6731,6,0,P|279:33|290:64,1,70,,,0:0:0:0:
417,73,7123,1,0,0:0:0:0:
321,222,7319,2,0,P|329:146|341:76,1,140,,,0:0:0:0:
339,83,7907,1,0,0:0:0:0:
238,182,8104,6,0,P|204:190|169:195,1,70,,,0:0:0:0:
77,227,8496,1,0,0:0:0:0:
12,120,8692,1,0,0:0:0:0:
154,193,8888,1,0,0:0:0:0:
23,292,9084,5,0,0:0:0:0:
119,374,9280,1,2,0:3:0:0:
119,374,9378,1,0,0:0:0:0:
119,374,9476,2,0,P|111:339|108:305,1,70,,,0:0:0:0:
12,120,9868,6,0,P|78:127|117:73,1,140,,,0:0:0:0:
264,0,10457,2,0,P|239:64|261:129,1,140,0|2,0:0|0:3,0:0:0:0:
205,69,11045,1,0,0:0:0:0:
152,208,11241,6,0,P|137:139|117:72,1,140,,,0:0:0:0:
229,251,11829,1,0,0:0:0:0:
169,316,12025,1,0,0:0:0:0:
215,384,12221,1,0,0:0:0:0:
359,337,12417,5,0,0:0:0:0:
359,337,12515,1,0,0:0:0:0:
359,337,12613,2,0,P|406:346|438:354,1,70,,,0:0:0:0:
512,150,13006,6,0,P|448:165|437:253,1,131.25,,,0:0:0:0:
425,221,13398,1,0,0:0:0:0:
321,249,13594,1,0,0:0:0:0:
232,141,13790,1,0,0:0:0:0:
144,193,13986,5,0,0:0:0:0:
144,193,14182,2,0,P|155:236|164:280,1,87.5,,,0:0:0:0:
35,106,14574,2,0,P|54:40|141:31,1,131.25,,,0:0:0:0:
119,40,14966,2,0,P|160:52|218:67,1,87.5,,,0:0:0:0:
341,0,15358,5,0,0:0:0:0:
280,203,15555,1,0,0:0:0:0:
280,203,15653,1,0,0:0:0:0:
280,203,15751,2,0,P|253:163|265:116,1,87.5,,,0:0:0:0:
487,348,16143,6,0,L|404:325,1,52.5000020027161,0|0,1:2|0:0,0:0:0:0:
63,307,16731,6,0,L|146:284,1,52.5000020027161,0|0,1:0|0:0,0:0:0:0:
440,180,17319,6,0,L|357:157,1,52.5000020027161,0|0,1:0|0:0,0:0:0:0:
256,0,17711,5,4,3:2:0:0:
256,192,17809,12,0,18888,0:0:0:0:
252,124,19280,5,6,3:2:0:0:
426,194,19476,1,2,0:2:0:0:
203,191,19672,6,0,P|169:180|135:170,1,70,2|0,1:2|0:2,0:2:0:0:
378,39,19868,1,2,0:2:0:0:
342,105,19966,2,0,P|338:149|358:182,1,70,2|0,0:2|3:2,0:2:0:0:
451,354,20162,1,2,0:0:0:0:
512,305,20260,2,0,P|508:270|477:250,1,70,2|0,0:0|0:0,0:0:0:0:
314,321,20457,5,2,1:2:0:0:
319,324,20555,1,0,0:0:0:0:
382,368,20653,2,0,L|476:348,1,70,2|0,0:2|0:0,0:0:0:0:
203,191,20849,2,2,P|155:238|163:306,2,140,6|2|2,3:2|0:2|1:2,0:2:0:0:
431,68,21437,5,2,0:0:0:0:
378,122,21535,2,0,L|282:99,1,70,2|0,0:2|3:0,0:0:0:0:
203,191,21731,1,2,0:0:0:0:
131,160,21829,2,0,P|118:130|131:94,1,70,2|0,0:2|0:0,0:0:0:0:
367,2,22025,5,2,1:2:0:0:
332,66,22123,1,2,0:2:0:0:
259,90,22221,1,2,0:2:0:0:
188,50,22319,1,2,0:2:0:0:
129,96,22417,6,0,P|83:108|41:125,1,70,6|0,3:2|0:0,0:0:0:0:
254,0,22613,1,2,0:2:0:0:
387,241,22809,6,0,P|413:207|408:164,1,70,2|0,1:2|0:0,0:0:0:0:
248,290,23006,1,2,0:2:0:0:
297,349,23104,2,0,P|332:354|380:366,1,70,2|0,0:2|3:0,0:0:0:0:
147,190,23300,1,2,0:2:0:0:
94,247,23398,2,0,P|58:252|11:264,1,70,2|0,0:2|3:0,0:0:0:0:
199,378,23594,5,2,1:2:0:0:
204,382,23692,1,0,0:0:0:0:
206,305,23790,2,0,P|210:268|221:233,1,70,2|0,0:2|0:0,0:0:0:0:
400,85,23986,6,0,P|334:76|319:12,1,140,6|0,3:2|3:0,0:0:0:0:
135,119,24378,1,2,1:2:0:0:
227,62,24574,6,0,P|236:97|241:131,1,70,,,0:0:0:0:
65,175,24770,1,2,3:2:0:0:
27,135,24868,1,2,0:2:0:0:
37,85,24966,1,2,0:2:0:0:
82,51,25064,1,2,0:2:0:0:
56,189,25162,5,2,1:2:0:0:
8,142,25260,1,2,0:2:0:0:
20,77,25358,1,2,1:2:0:0:
74,36,25456,1,2,3:2:0:0:
158,47,25555,6,0,P|191:55|226:61,1,70,4|0,3:2|0:0,0:0:0:0:
335,250,25751,1,0,0:0:0:0:
437,132,25947,6,0,P|402:134|372:154,1,70,2|0,1:2|0:0,0:0:0:0:
291,368,26143,1,2,0:0:0:0:
348,319,26241,2,0,P|340:286|334:241,1,70,2|0,0:0|3:0,0:0:0:0:
132,234,26437,1,2,0:0:0:0:
180,295,26535,2,0,P|214:289|241:263,1,70,2|0,0:0|0:0,0:0:0:0:
312,34,26731,5,2,1:2:0:0:
312,34,26829,1,0,0:0:0:0:
245,77,26927,2,0,P|237:116|234:155,1,70,2|0,0:2|0:0,0:0:0:0:
431,260,27123,2,6,P|428:192|373:153,2,140,6|2|2,3:2|0:2|1:2,0:2:0:0:
239,266,27711,5,2,0:0:0:0:
186,320,27809,2,0,L|90:297,1,70,2|0,0:2|3:0,0:0:0:0:
17,110,28006,1,2,0:0:0:0:
86,132,28104,2,0,P|107:165|103:209,1,70,2|0,0:0|0:0,0:0:0:0:
15,384,28300,5,2,1:2:0:0:
30,314,28398,1,2,0:2:0:0:
91,277,28496,1,2,0:2:0:0:
162,290,28594,1,2,0:2:0:0:
239,266,28692,6,0,P|254:230|250:197,1,70,4|0,3:2|0:0,0:0:0:0:
108,365,28888,1,0,0:0:0:0:
17,110,29084,6,0,L|103:143,1,70,2|0,1:2|0:0,0:0:0:0:
315,0,29280,1,2,0:0:0:0:
256,46,29378,2,0,P|264:83|272:122,1,70,2|0,0:2|3:0,0:0:0:0:
443,201,29574,1,2,0:2:0:0:
470,131,29672,2,0,P|446:101|389:94,1,70,2|0,0:0|0:0,0:0:0:0:
251,199,29868,5,2,1:2:0:0:
251,199,29966,1,0,0:0:0:0:
304,258,30064,2,0,B|338:251|372:244,1,70,2|0,0:2|0:0,0:0:0:0:
75,92,30456,6,0,L|83:40,1,52.5000020027161,4|0,1:2|0:0,0:0:0:0:
200,369,30849,6,0,L|209:318,1,52.5000020027161,4|0,1:2|0:0,0:0:0:0:
409,142,31241,6,0,L|417:90,1,52.5000020027161,4|0,1:2|0:0,0:0:0:0:
509,274,31437,5,0,3:0:0:0:
509,274,31535,1,0,3:0:0:0:
509,274,31633,1,0,3:0:0:0:
392,383,31829,2,0,P|321:367|298:304,1,105.000004005432,4|0,3:2|0:0,0:0:0:0:
252,197,32221,1,0,1:0:0:0:
156,322,32417,1,0,0:0:0:0:
156,322,32515,1,0,0:0:0:0:
156,322,32613,2,0,P|165:272|174:216,2,105.000004005432,0|2|0,3:0|0:3|1:3,0:0:0:0:
0,159,33202,6,0,P|74:173|131:123,1,157.500006008148,4|0,3:2|0:0,0:0:0:0:
131,123,33594,1,0,3:0:0:0:
315,82,33790,1,0,1:0:0:0:
404,215,33986,5,2,0:2:0:0:
404,215,34084,1,2,0:2:0:0:
404,215,34182,2,0,P|399:190|394:161,1,52.5000020027161,2|0,0:2|0:0,0:0:0:0:
474,184,34378,2,0,P|469:159|464:130,1,52.5000020027161,2|0,0:3|0:0,0:0:0:0:
326,30,34574,5,2,1:2:0:0:
326,30,34672,1,0,0:0:0:0:
326,30,34770,2,0,L|311:99,1,52.5000020027161,2|0,0:2|0:0,0:0:0:0:
229,152,34966,6,0,P|160:147|129:77,1,105.000004005432,4|0,3:2|0:0,0:0:0:0:
0,17,35358,1,0,1:0:0:0:
48,206,35555,1,0,0:0:0:0:
48,206,35653,1,0,0:0:0:0:
48,206,35751,2,0,L|62:98,2,105.000004005432,0|2|0,3:0|0:3|1:0,0:0:0:0:
232,367,36339,6,0,P|225:290|162:247,1,157.500006008148,4|0,3:2|0:0,0:0:0:0:
162,247,36731,1,0,3:0:0:0:
320,179,36927,1,0,1:0:0:0:
424,240,37123,5,2,0:2:0:0:
424,240,37221,1,2,0:2:0:0:
424,240,37319,2,0,L|409:308,1,52.5000020027161,2|0,0:2|0:0,0:0:0:0:
487,328,37515,2,0,L|499:277,1,52.5000020027161,2|0,0:2|0:0,0:0:0:0:
327,186,37711,5,2,1:2:0:0:
327,186,37809,1,0,0:0:0:0:
327,186,37907,2,0,L|342:254,1,52.5000020027161,2|0,0:2|0:0,0:0:0:0:
439,82,38104,6,0,P|399:49|347:49,1,105.000004005432,4|0,3:2|0:0,0:0:0:0:
181,167,38496,1,0,1:0:0:0:
95,12,38692,1,0,0:0:0:0:
95,12,38790,1,0,0:0:0:0:
95,12,38888,2,0,L|117:121,2,105.000004005432,0|2|0,0:0|0:3|1:0,0:0:0:0:
347,49,39476,6,0,P|291:101|216:91,1,157.500006008148,2|0,3:2|0:0,0:0:0:0:
216,91,39868,1,0,3:0:0:0:
176,267,40064,1,0,1:0:0:0:
325,225,40260,5,2,0:2:0:0:
325,225,40358,1,2,0:2:0:0:
325,225,40457,2,0,L|336:164,1,52.5000020027161,2|0,0:2|0:0,0:0:0:0:
399,260,40653,2,0,L|410:199,1,52.5000020027161,2|0,0:3|0:0,0:0:0:0:
267,294,40849,5,2,1:2:0:0:
267,294,40947,1,0,0:0:0:0:
267,294,41045,2,0,L|278:355,1,52.5000020027161,2|0,0:2|0:0,0:0:0:0:
124,216,41241,6,0,P|126:152|182:123,1,105.000004005432,4|0,3:2|0:0,0:0:0:0:
318,78,41633,1,0,1:0:0:0:
106,0,41829,5,0,0:0:0:0:
106,0,41927,1,0,0:0:0:0:
106,0,42025,2,0,L|95:65,1,52.5000020027161,,,0:0:0:0:
30,176,42221,6,0,P|24:123|15:72,1,105.000004005432,2|0,1:1|0:0,0:0:0:0:
234,287,42613,6,0,P|225:236|220:184,1,105.000004005432,2|0,1:1|0:0,0:0:0:0:
418,201,43006,6,0,P|409:150|404:98,1,105.000004005432,2|0,1:1|0:0,0:0:0:0:
512,0,43398,6,2,L|445:15,2,52.5000020027161,,,0:0:0:0:
487,89,43790,1,2,0:2:0:0:
339,45,43986,6,0,P|289:32|238:15,1,105,2|0,3:1|0:0,0:0:0:0:
213,31,44378,6,0,P|197:83|233:136,1,105.000004005432,4|0,3:2|0:0,0:0:0:0:
391,229,44770,1,0,1:0:0:0:
306,135,44966,1,0,0:0:0:0:
266,305,45162,2,0,P|260:252|251:201,1,105.000004005432,0|0,3:0|0:0,0:0:0:0:
251,201,45457,1,0,0:0:0:0:
251,201,45555,1,0,1:0:0:0:
355,343,45751,1,0,0:0:0:0:
168,336,45947,6,0,P|117:340|82:302,1,105.000004005432,0|0,3:2|0:0,0:0:0:0:
11,146,46339,1,0,1:0:0:0:
148,227,46535,1,0,0:0:0:0:
115,101,46731,2,0,L|102:179,3,52.5000020027161,0|0|0|0,3:0|0:0|0:0|0:0,0:0:0:0:
148,227,47123,1,2,1:2:0:0:
198,226,47221,1,2,0:2:0:0:
236,192,47319,1,2,0:2:0:0:
250,145,47417,1,2,0:2:0:0:
217,106,47515,6,0,P|210:53|202:2,1,105.000004005432,0|0,3:0|0:0,0:0:0:0:
329,139,47907,1,0,1:0:0:0:
437,0,48104,1,0,0:0:0:0:
512,116,48300,2,0,P|460:117|417:89,1,105.000004005432,0|0,3:0|0:0,0:0:0:0:
290,17,48692,1,0,1:0:0:0:
407,189,48888,1,0,0:0:0:0:
236,208,49084,5,0,3:0:0:0:
366,322,49280,1,0,0:0:0:0:
329,139,49476,1,0,1:0:0:0:
97,227,49672,5,0,0:0:0:0:
97,227,49770,1,0,0:0:0:0:
97,227,49868,2,0,L|115:306,1,52.5000020027161,,,0:0:0:0:
204,294,50064,2,0,P|196:329|194:345,1,52.5000020027161,,,0:0:0:0:
9,364,50260,2,0,P|60:373|112:384,1,105.000004005432,0|0,1:0|0:0,0:0:0:0:
332,384,50653,6,0,P|355:326|342:277,1,105.000004005432,0|0,3:0|0:0,0:0:0:0:
374,109,51045,1,0,1:0:0:0:
253,264,51241,1,0,0:0:0:0:
405,225,51437,2,0,P|455:238|522:258,1,105.000004005432,0|0,3:0|0:0,0:0:0:0:
506,253,51731,1,0,0:0:0:0:
506,253,51829,1,0,1:0:0:0:
449,137,52025,1,0,0:0:0:0:
346,285,52221,6,0,P|294:297|244:310,1,105.000004005432,0|0,3:2|0:0,0:0:0:0:
176,192,52613,1,0,1:0:0:0:
126,350,52809,1,0,0:0:0:0:
35,204,53006,2,0,L|87:216,3,52.5000020027161,0|0|0|0,3:0|0:0|0:0|0:0,0:0:0:0:
176,192,53398,1,2,1:2:0:0:
207,151,53496,1,2,0:2:0:0:
201,102,53594,1,2,0:2:0:0:
161,64,53692,1,2,0:2:0:0:
117,79,53790,6,0,P|65:86|28:49,1,105.000004005432,0|0,3:0|0:0,0:0:0:0:
240,0,54182,1,0,1:0:0:0:
176,192,54378,1,0,0:0:0:0:
311,49,54574,2,0,P|316:100|328:152,1,105.000004005432,0|0,3:0|0:0,0:0:0:0:
447,243,54966,1,0,1:0:0:0:
407,86,55162,1,0,0:0:0:0:
262,265,55358,6,0,L|273:214,1,52.5000020027161,2|0,3:2|0:0,0:0:0:0:
346,280,55555,2,0,L|357:229,1,52.5000020027161,2|0,0:2|0:0,0:0:0:0:
188,327,55751,6,0,L|177:276,1,52.5000020027161,2|0,1:2|0:0,0:0:0:0:
436,192,55947,2,0,L|447:243,1,52.5000020027161,2|0,0:2|0:0,0:0:0:0:
232,109,56143,6,0,P|224:58|258:20,1,105.000004005432,2|0,3:2|3:2,0:0:0:0:
272,34,56535,1,4,3:3:0:0:
232,41,56633,1,4,3:3:0:0:
192,49,56731,1,4,3:3:0:0:
155,59,56829,1,4,3:3:0:0:
118,71,56927,6,0,P|57:66|1:7,1,125.999996154785,4|0,3:2|0:0,0:0:0:0:
9,24,57319,1,0,1:0:0:0:
113,169,57515,1,0,0:0:0:0:
0,292,57711,6,0,P|-1:251|35:218,1,83.9999974365235,0|0,3:0|0:0,0:0:0:0:
194,201,58104,2,0,P|211:245|210:285,1,83.9999974365235,0|2,1:0|0:3,0:0:0:0:
65,349,58496,2,0,P|136:361|229:384,1,167.999994873047,0|0,3:0|1:0,0:0:0:0:
386,293,59084,5,0,0:0:0:0:
338,165,59280,2,0,P|313:205|320:247,1,83.9999974365235,0|0,3:0|0:0,0:0:0:0:
481,384,59672,2,0,P|483:342|463:292,1,83.9999974365235,0|0,1:0|0:0,0:0:0:0:
212,196,60064,6,0,P|317:207|338:157,1,167.999994873047,0|0,3:2|1:0,0:0:0:0:
308,62,60653,1,0,0:0:0:0:
133,153,60849,1,0,3:0:0:0:
75,20,61045,5,0,0:0:0:0:
75,20,61143,1,0,0:0:0:0:
75,20,61241,2,0,P|65:61|60:102,1,83.9999974365235,0|0,1:0|0:0,0:0:0:0:
123,265,61633,2,0,P|44:279|0:214,1,167.999994873047,4|0,3:2|1:0,0:0:0:0:
0,214,62221,1,0,0:0:0:0:
191,319,62417,2,0,P|253:326|315:336,1,125.999996154785,4|0,3:2|0:0,0:0:0:0:
394,384,62809,5,0,1:0:0:0:
462,174,63006,1,0,3:0:0:0:
297,214,63202,6,0,P|218:227|176:161,1,167.999994873047,0|0,3:0|1:0,0:0:0:0:
228,21,63790,1,0,0:0:0:0:
101,125,63986,2,0,L|-5:147,1,83.9999974365235,0|0,3:0|0:0,0:0:0:0:
276,85,64378,2,0,L|382:107,1,83.9999974365235,0|0,1:0|0:0,0:0:0:0:
114,13,64770,6,0,P|174:92|175:141,1,125.999996154785,0|0,3:0|0:0,0:0:0:0:
176,115,65162,1,0,1:0:0:0:
31,225,65358,1,0,0:0:0:0:
229,197,65555,1,0,3:0:0:0:
115,314,65751,5,0,0:0:0:0:
115,314,65947,2,0,P|182:328|244:352,1,125.999996154785,0|0,1:0|0:0,0:0:0:0:
303,384,66339,5,0,3:0:0:0:
286,125,66535,1,0,0:0:0:0:
382,322,66731,1,0,1:0:0:0:
294,130,66927,1,0,0:0:0:0:
485,251,67123,5,0,3:0:0:0:
485,251,67221,1,0,0:0:0:0:
485,251,67319,2,0,L|475:296,1,41.9999987182618,,,0:0:0:0:
237,195,67515,5,0,1:0:0:0:
450,144,67711,1,0,0:0:0:0:
339,28,67907,5,0,3:0:0:0:
356,99,68104,1,0,0:0:0:0:
262,66,68300,5,0,1:0:0:0:
246,183,68496,1,0,0:0:0:0:
140,11,68692,5,0,3:0:0:0:
186,237,68888,1,0,0:0:0:0:
50,50,69084,6,0,P|12:105|15:176,1,125.999996154785,0|0,1:0|0:0,0:0:0:0:
80,229,69476,6,0,L|91:285,1,41.9999987182618,6|0,3:1|0:0,0:0:0:0:
432,130,70064,6,0,L|425:185,1,41.9999987182618,6|0,3:1|0:0,0:0:0:0:
105,58,70653,6,0,L|112:113,1,41.9999987182618,6|0,3:1|0:0,0:0:0:0:
108,321,71045,5,2,1:2:0:0:
385,340,71241,1,2,1:2:0:0:
404,63,71437,1,2,1:2:0:0:
127,44,71633,1,2,1:2:0:0:
197,230,71829,5,8,3:0:0:0:
244,247,71927,1,4,3:0:0:0:
289,229,72025,1,4,3:0:0:0:
311,184,72123,1,4,3:0:0:0:
295,135,72221,1,4,1:0:0:0:
508,297,72613,6,0,P|417:314|366:233,1,181.999991668702,4|0,3:2|0:0,0:0:0:0:
302,27,72907,1,0,0:0:0:0:
356,81,73006,2,0,P|368:124|377:169,1,90.9999958343508,0|0,1:0|0:0,0:0:0:0:
254,95,73202,2,0,P|211:89|193:50,1,90.9999958343508,,,0:0:0:0:
512,0,73398,6,0,P|451:63|460:151,1,181.999991668702,0|0,3:0|0:0,0:0:0:0:
285,242,73692,1,0,0:0:0:0:
367,251,73790,2,0,B|391:212|391:212|377:169,1,90.9999958343508,0|0,1:0|0:0,0:0:0:0:
174,160,73986,6,0,P|60:153|13:257,1,241.500004606247,,,0:0:0:0:
100,355,74378,2,0,L|88:259,1,80.5000015354157,,,0:0:0:0:
249,203,74574,2,0,L|239:282,1,80.5000015354157,0|0,1:0|0:0,0:0:0:0:
367,384,74770,2,0,P|328:385|302:356,1,80.5000015354157,,,0:0:0:0:
330,146,74966,5,0,3:3:0:0:
365,114,75064,1,0,3:3:0:0:
411,123,75162,1,0,3:3:0:0:
429,167,75260,1,0,3:3:0:0:
403,206,75358,2,0,B|344:230,2,59.77965,0|0|0,1:1|2:2|3:3,2:2:0:0:
301,30,75653,5,0,3:3:0:0:

